0.000000	0.262695	0.264206	0.263103	0.264647	0.276166	0.267588	0.263850	0.271450	0.270361	0.272465	0.271843	0.276149	0.274994	0.275037	0.274809	0.274911	0.278010	0.271355	0.272296	0.275278	0.277068	0.276056	0.276916	0.275024	0.272932	0.273309	0.277393	0.273590	0.273819	0.272967	0.275390	0.276824	0.267102	0.274952	0.276224	0.274032	0.274547	0.275168	0.270114	0.276868	0.272558	0.269138	0.270259	0.271958	
0.262695	0.000000	0.262354	0.262594	0.263581	0.274760	0.267264	0.265665	0.271164	0.270293	0.271081	0.270795	0.275390	0.273713	0.274578	0.273904	0.274626	0.277595	0.270775	0.271527	0.274710	0.275987	0.275839	0.276211	0.275166	0.271484	0.272027	0.276744	0.272817	0.273043	0.272173	0.274222	0.276277	0.267352	0.274576	0.275475	0.273865	0.274148	0.275380	0.269801	0.275808	0.273112	0.269016	0.270186	0.270472	
0.264206	0.262354	0.000000	0.260786	0.261741	0.271141	0.265176	0.261818	0.268546	0.265319	0.266459	0.266210	0.274151	0.271799	0.272612	0.271536	0.271697	0.275826	0.267260	0.267383	0.272139	0.274428	0.272824	0.273202	0.270810	0.267417	0.269211	0.272667	0.269124	0.269784	0.268291	0.270480	0.272958	0.265919	0.272847	0.273883	0.270917	0.271676	0.272099	0.266464	0.272584	0.267910	0.264161	0.265264	0.266541	
0.263103	0.262594	0.260786	0.000000	0.261148	0.273257	0.264676	0.260871	0.268864	0.266863	0.267977	0.267866	0.273676	0.271530	0.271709	0.269999	0.272104	0.275302	0.267694	0.268368	0.271528	0.273445	0.273519	0.274252	0.272595	0.269060	0.270051	0.274084	0.270663	0.270477	0.269420	0.272290	0.272754	0.264016	0.272110	0.272986	0.270260	0.271040	0.272151	0.266040	0.273314	0.269485	0.265972	0.266764	0.268253	
0.264647	0.263581	0.261741	0.261148	0.000000	0.273352	0.265345	0.263589	0.269401	0.267520	0.269192	0.269146	0.273872	0.271318	0.272838	0.270958	0.272904	0.275410	0.268532	0.268751	0.271707	0.274551	0.273137	0.273698	0.272876	0.270148	0.269910	0.274762	0.270741	0.270639	0.269921	0.273178	0.273409	0.265409	0.272525	0.272551	0.271125	0.271508	0.271555	0.266856	0.274197	0.269445	0.266084	0.267444	0.268984	
0.276166	0.274760	0.271141	0.273257	0.273352	0.000000	0.274868	0.271963	0.274434	0.271914	0.273307	0.272117	0.282316	0.279808	0.280588	0.278800	0.278456	0.283086	0.273635	0.272791	0.276319	0.281658	0.278766	0.279295	0.276718	0.274225	0.276544	0.277928	0.275202	0.277923	0.273333	0.276279	0.279188	0.277089	0.281193	0.281451	0.278128	0.278259	0.279432	0.274434	0.276105	0.272643	0.268057	0.273012	0.273716	
0.267588	0.267264	0.265176	0.264676	0.265345	0.274868	0.000000	0.265889	0.272119	0.269751	0.271665	0.270396	0.275300	0.274930	0.274922	0.273458	0.274837	0.277480	0.271306	0.271246	0.273802	0.276406	0.275979	0.275896	0.274694	0.272081	0.273201	0.276627	0.273230	0.272864	0.273116	0.275217	0.276125	0.268715	0.275025	0.275978	0.273206	0.274245	0.274397	0.268908	0.275376	0.272857	0.268244	0.269956	0.271824	
0.263850	0.265665	0.261818	0.260871	0.263589	0.271963	0.265889	0.000000	0.269499	0.265776	0.268216	0.267031	0.275003	0.273351	0.273910	0.273109	0.272364	0.277050	0.268177	0.268493	0.272317	0.275623	0.273791	0.274465	0.271517	0.268377	0.270398	0.273322	0.270033	0.271253	0.269486	0.272124	0.274236	0.265633	0.274056	0.274612	0.272724	0.273343	0.273695	0.267912	0.272720	0.268247	0.264921	0.266657	0.268340	
0.271450	0.271164	0.268546	0.268864	0.269401	0.274434	0.272119	0.269499	0.000000	0.271756	0.271261	0.270428	0.278054	0.275679	0.277365	0.275586	0.276511	0.278954	0.272655	0.271971	0.275067	0.278223	0.277485	0.277567	0.275964	0.273508	0.274392	0.277533	0.274151	0.275639	0.272949	0.275869	0.277601	0.273653	0.277315	0.278282	0.276008	0.276673	0.277748	0.272113	0.275592	0.272706	0.268696	0.271226	0.272213	
0.270361	0.270293	0.265319	0.266863	0.267520	0.271914	0.269751	0.265776	0.271756	0.000000	0.267000	0.264122	0.278063	0.276713	0.276659	0.275342	0.274699	0.280428	0.269234	0.268630	0.272755	0.278466	0.275068	0.275842	0.271803	0.269477	0.272702	0.273416	0.270440	0.272652	0.270139	0.272329	0.276164	0.272203	0.277519	0.277281	0.274766	0.274324	0.275739	0.270464	0.273010	0.267945	0.264437	0.267351	0.268845	
0.272465	0.271081	0.266459	0.267977	0.269192	0.273307	0.271665	0.268216	0.271261	0.267000	0.000000	0.266499	0.277726	0.275185	0.276363	0.274871	0.273957	0.279699	0.270104	0.268363	0.272924	0.276963	0.275277	0.275713	0.273575	0.269732	0.272399	0.273522	0.271068	0.273336	0.270850	0.272877	0.276395	0.273023	0.277396	0.277014	0.274655	0.274960	0.275375	0.270772	0.273226	0.269305	0.264675	0.268118	0.269841	
0.271843	0.270795	0.266210	0.267866	0.269146	0.272117	0.270396	0.267031	0.270428	0.264122	0.266499	0.000000	0.277733	0.275569	0.275491	0.274204	0.274061	0.278246	0.269372	0.268079	0.272609	0.276777	0.275113	0.275946	0.272128	0.268989	0.272674	0.274080	0.271524	0.273597	0.271367	0.272558	0.274991	0.273070	0.276903	0.276855	0.274917	0.274151	0.275512	0.269747	0.272609	0.268660	0.264554	0.268694	0.269152	
0.276149	0.275390	0.274151	0.273676	0.273872	0.282316	0.275300	0.275003	0.278054	0.278063	0.277726	0.277733	0.000000	0.275221	0.275607	0.274540	0.276851	0.277165	0.277634	0.275693	0.278490	0.277689	0.278303	0.278824	0.282129	0.278766	0.279936	0.282679	0.280945	0.280266	0.280003	0.281133	0.278057	0.277592	0.276232	0.277433	0.273625	0.274058	0.275770	0.270998	0.282006	0.278124	0.274406	0.278003	0.278941	
0.274994	0.273713	0.271799	0.271530	0.271318	0.279808	0.274930	0.273351	0.275679	0.276713	0.275185	0.275569	0.275221	0.000000	0.271702	0.272974	0.275612	0.275565	0.274505	0.273079	0.276858	0.275854	0.276722	0.276717	0.280319	0.276141	0.278305	0.280380	0.278409	0.278297	0.277780	0.279515	0.276128	0.275514	0.275546	0.276155	0.272784	0.273545	0.274771	0.268210	0.280700	0.275397	0.272037	0.275288	0.277248	
0.275037	0.274578	0.272612	0.271709	0.272838	0.280588	0.274922	0.273910	0.277365	0.276659	0.276363	0.275491	0.275607	0.271702	0.000000	0.274234	0.275753	0.276742	0.276541	0.273549	0.276973	0.276986	0.276654	0.278348	0.280707	0.277286	0.278553	0.280917	0.278969	0.279020	0.278504	0.280482	0.277091	0.276249	0.276270	0.276149	0.273298	0.274112	0.275129	0.269963	0.281024	0.276552	0.272646	0.276239	0.277950	
0.274809	0.273904	0.271536	0.269999	0.270958	0.278800	0.273458	0.273109	0.275586	0.275342	0.274871	0.274204	0.274540	0.272974	0.274234	0.000000	0.274316	0.275959	0.274372	0.272535	0.276336	0.275376	0.276243	0.275912	0.279079	0.276011	0.277745	0.279850	0.278540	0.278547	0.277925	0.278146	0.275626	0.275114	0.274409	0.275263	0.271981	0.271658	0.273492	0.269277	0.280153	0.274951	0.271833	0.275102	0.276276	
0.274911	0.274626	0.271697	0.272104	0.272904	0.278456	0.274837	0.272364	0.276511	0.274699	0.273957	0.274061	0.276851	0.275612	0.275753	0.274316	0.000000	0.277657	0.274269	0.273393	0.276552	0.276484	0.276039	0.276578	0.278756	0.275087	0.277904	0.278508	0.277633	0.277395	0.276200	0.277450	0.275539	0.276576	0.276456	0.277017	0.273307	0.274957	0.273458	0.270606	0.279176	0.274309	0.271505	0.274050	0.275864	
0.278010	0.277595	0.275826	0.275302	0.275410	0.283086	0.277480	0.277050	0.278954	0.280428	0.279699	0.278246	0.277165	0.275565	0.276742	0.275959	0.277657	0.000000	0.279275	0.275636	0.279914	0.278297	0.279366	0.280436	0.283885	0.280140	0.282064	0.283794	0.282809	0.282225	0.281375	0.282771	0.279174	0.278868	0.277294	0.277933	0.275375	0.275602	0.276365	0.271095	0.283614	0.278315	0.276641	0.279393	0.280274	
0.271355	0.270775	0.267260	0.267694	0.268532	0.273635	0.271306	0.268177	0.272655	0.269234	0.270104	0.269372	0.277634	0.274505	0.276541	0.274372	0.274269	0.279275	0.000000	0.266574	0.273133	0.277049	0.276267	0.275655	0.274796	0.270179	0.273277	0.275582	0.272893	0.273259	0.272251	0.274309	0.276201	0.273167	0.277086	0.276738	0.274085	0.274695	0.275632	0.269897	0.274895	0.270162	0.265950	0.269847	0.271199	
0.272296	0.271527	0.267383	0.268368	0.268751	0.272791	0.271246	0.268493	0.271971	0.268630	0.268363	0.268079	0.275693	0.273079	0.273549	0.272535	0.273393	0.275636	0.266574	0.000000	0.270541	0.274130	0.273907	0.273762	0.273671	0.270038	0.273022	0.273759	0.272121	0.273597	0.272691	0.273264	0.273228	0.272737	0.275070	0.275582	0.272183	0.271629	0.273271	0.268560	0.273915	0.268716	0.264310	0.269542	0.271072	
0.275278	0.274710	0.272139	0.271528	0.271707	0.276319	0.273802	0.272317	0.275067	0.272755	0.272924	0.272609	0.278490	0.276858	0.276973	0.276336	0.276552	0.279914	0.273133	0.270541	0.000000	0.277993	0.276989	0.277321	0.276675	0.273946	0.275877	0.276943	0.276817	0.277350	0.275662	0.277027	0.277242	0.276482	0.278483	0.278687	0.275665	0.275133	0.277127	0.271720	0.276713	0.272269	0.268790	0.273153	0.274380	
0.277068	0.275987	0.274428	0.273445	0.274551	0.281658	0.276406	0.275623	0.278223	0.278466	0.276963	0.276777	0.277689	0.275854	0.276986	0.275376	0.276484	0.278297	0.277049	0.274130	0.277993	0.000000	0.278249	0.277960	0.282345	0.278705	0.280247	0.281899	0.280714	0.279916	0.279869	0.281143	0.278392	0.277768	0.277498	0.277803	0.275518	0.274496	0.276483	0.271832	0.282153	0.277120	0.274597	0.278693	0.279925	
0.276056	0.275839	0.272824	0.273519	0.273137	0.278766	0.275979	0.273791	0.277485	0.275068	0.275277	0.275113	0.278303	0.276722	0.276654	0.276243	0.276039	0.279366	0.276267	0.273907	0.276989	0.278249	0.000000	0.276865	0.280015	0.276469	0.279042	0.280244	0.278439	0.279202	0.277869	0.278635	0.277679	0.277243	0.277981	0.278340	0.276241	0.275154	0.276725	0.271534	0.279540	0.275684	0.271985	0.275264	0.277615	
0.276916	0.276211	0.273202	0.274252	0.273698	0.279295	0.275896	0.274465	0.277567	0.275842	0.275713	0.275946	0.278824	0.276717	0.278348	0.275912	0.276578	0.280436	0.275655	0.273762	0.277321	0.277960	0.276865	0.000000	0.279844	0.276476	0.279491	0.280177	0.279480	0.279565	0.277685	0.279110	0.276897	0.278391	0.277918	0.278650	0.275417	0.276780	0.277315	0.272087	0.280311	0.275951	0.272573	0.275492	0.278109	
0.275024	0.275166	0.270810	0.272595	0.272876	0.276718	0.274694	0.271517	0.275964	0.271803	0.273575	0.272128	0.282129	0.280319	0.280707	0.279079	0.278756	0.283885	0.274796	0.273671	0.276675	0.282345	0.280015	0.279844	0.000000	0.274076	0.276422	0.277502	0.275094	0.276301	0.275304	0.276405	0.279690	0.277130	0.281606	0.282612	0.279637	0.279186	0.280679	0.276153	0.277435	0.273607	0.269591	0.272999	0.272840	
0.272932	0.271484	0.267417	0.269060	0.270148	0.274225	0.272081	0.268377	0.273508	0.269477	0.269732	0.268989	0.278766	0.276141	0.277286	0.276011	0.275087	0.280140	0.270179	0.270038	0.273946	0.278705	0.276469	0.276476	0.274076	0.000000	0.273049	0.274368	0.272232	0.273779	0.270896	0.270483	0.276457	0.272983	0.278470	0.278674	0.275890	0.275442	0.276824	0.271484	0.274063	0.270436	0.265937	0.269063	0.269887	
0.273309	0.272027	0.269211	0.270051	0.269910	0.276544	0.273201	0.270398	0.274392	0.272702	0.272399	0.272674	0.279936	0.278305	0.278553	0.277745	0.277904	0.282064	0.273277	0.273022	0.275877	0.280247	0.279042	0.279491	0.276422	0.273049	0.000000	0.278048	0.274946	0.275806	0.274847	0.276463	0.278872	0.274544	0.279256	0.279733	0.277606	0.277407	0.279128	0.273854	0.276633	0.273492	0.268563	0.272837	0.272899	
0.277393	0.276744	0.272667	0.274084	0.274762	0.277928	0.276627	0.273322	0.277533	0.273416	0.273522	0.274080	0.282679	0.280380	0.280917	0.279850	0.278508	0.283794	0.275582	0.273759	0.276943	0.281899	0.280244	0.280177	0.277502	0.274368	0.278048	0.000000	0.274710	0.278801	0.276279	0.277863	0.280801	0.278862	0.281779	0.282711	0.280129	0.279647	0.281150	0.276138	0.278187	0.274096	0.270252	0.273623	0.274523	
0.273590	0.272817	0.269124	0.270663	0.270741	0.275202	0.273230	0.270033	0.274151	0.270440	0.271068	0.271524	0.280945	0.278409	0.278969	0.278540	0.277633	0.282809	0.272893	0.272121	0.276817	0.280714	0.278439	0.279480	0.275094	0.272232	0.274946	0.274710	0.000000	0.275014	0.272572	0.274560	0.278367	0.274975	0.280791	0.280376	0.278569	0.278935	0.279124	0.274054	0.275359	0.272275	0.267848	0.270872	0.271930	
0.273819	0.273043	0.269784	0.270477	0.270639	0.277923	0.272864	0.271253	0.275639	0.272652	0.273336	0.273597	0.280266	0.278297	0.279020	0.278547	0.277395	0.282225	0.273259	0.273597	0.277350	0.279916	0.279202	0.279565	0.276301	0.273779	0.275806	0.278801	0.275014	0.000000	0.274208	0.276635	0.279838	0.274874	0.280269	0.279339	0.278353	0.277358	0.278594	0.273440	0.278078	0.274725	0.269472	0.273098	0.273641	
0.272967	0.272173	0.268291	0.269420	0.269921	0.273333	0.273116	0.269486	0.272949	0.270139	0.270850	0.271367	0.280003	0.277780	0.278504	0.277925	0.276200	0.281375	0.272251	0.272691	0.275662	0.279869	0.277869	0.277685	0.275304	0.270896	0.274847	0.276279	0.272572	0.274208	0.000000	0.275172	0.277619	0.273614	0.279720	0.279707	0.277497	0.277455	0.277895	0.272986	0.276113	0.271412	0.268066	0.270295	0.271695	
0.275390	0.274222	0.270480	0.272290	0.273178	0.276279	0.275217	0.272124	0.275869	0.272329	0.272877	0.272558	0.281133	0.279515	0.280482	0.278146	0.277450	0.282771	0.274309	0.273264	0.277027	0.281143	0.278635	0.279110	0.276405	0.270483	0.276463	0.277863	0.274560	0.276635	0.275172	0.000000	0.278827	0.276164	0.280809	0.281249	0.278386	0.278817	0.279261	0.274539	0.277106	0.273223	0.270149	0.272517	0.273385	
0.276824	0.276277	0.272958	0.272754	0.273409	0.279188	0.276125	0.274236	0.277601	0.276164	0.276395	0.274991	0.278057	0.276128	0.277091	0.275626	0.275539	0.279174	0.276201	0.273228	0.277242	0.278392	0.277679	0.276897	0.279690	0.276457	0.278872	0.280801	0.278367	0.279838	0.277619	0.278827	0.000000	0.277463	0.277165	0.277212	0.275497	0.275668	0.276721	0.272309	0.279716	0.275360	0.272257	0.276006	0.277051	
0.267102	0.267352	0.265919	0.264016	0.265409	0.277089	0.268715	0.265633	0.273653	0.272203	0.273023	0.273070	0.277592	0.275514	0.276249	0.275114	0.276576	0.278868	0.273167	0.272737	0.276482	0.277768	0.277243	0.278391	0.277130	0.272983	0.274544	0.278862	0.274975	0.274874	0.273614	0.276164	0.277463	0.000000	0.276845	0.276768	0.275078	0.275786	0.275832	0.270771	0.277822	0.273790	0.270835	0.271777	0.272913	
0.274952	0.274576	0.272847	0.272110	0.272525	0.281193	0.275025	0.274056	0.277315	0.277519	0.277396	0.276903	0.276232	0.275546	0.276270	0.274409	0.276456	0.277294	0.277086	0.275070	0.278483	0.277498	0.277981	0.277918	0.281606	0.278470	0.279256	0.281779	0.280791	0.280269	0.279720	0.280809	0.277165	0.276845	0.000000	0.276259	0.273675	0.274849	0.275996	0.270242	0.281659	0.276959	0.274208	0.277061	0.278012	
0.276224	0.275475	0.273883	0.272986	0.272551	0.281451	0.275978	0.274612	0.278282	0.277281	0.277014	0.276855	0.277433	0.276155	0.276149	0.275263	0.277017	0.277933	0.276738	0.275582	0.278687	0.277803	0.278340	0.278650	0.282612	0.278674	0.279733	0.282711	0.280376	0.279339	0.279707	0.281249	0.277212	0.276768	0.276259	0.000000	0.273963	0.275756	0.276140	0.271575	0.282788	0.277829	0.274496	0.277106	0.278844	
0.274032	0.273865	0.270917	0.270260	0.271125	0.278128	0.273206	0.272724	0.276008	0.274766	0.274655	0.274917	0.273625	0.272784	0.273298	0.271981	0.273307	0.275375	0.274085	0.272183	0.275665	0.275518	0.276241	0.275417	0.279637	0.275890	0.277606	0.280129	0.278569	0.278353	0.277497	0.278386	0.275497	0.275078	0.273675	0.273963	0.000000	0.272558	0.272993	0.268025	0.280019	0.274709	0.271162	0.274482	0.276838	
0.274547	0.274148	0.271676	0.271040	0.271508	0.278259	0.274245	0.273343	0.276673	0.274324	0.274960	0.274151	0.274058	0.273545	0.274112	0.271658	0.274957	0.275602	0.274695	0.271629	0.275133	0.274496	0.275154	0.276780	0.279186	0.275442	0.277407	0.279647	0.278935	0.277358	0.277455	0.278817	0.275668	0.275786	0.274849	0.275756	0.272558	0.000000	0.273110	0.267729	0.279251	0.274761	0.271451	0.275698	0.276960	
0.275168	0.275380	0.272099	0.272151	0.271555	0.279432	0.274397	0.273695	0.277748	0.275739	0.275375	0.275512	0.275770	0.274771	0.275129	0.273492	0.273458	0.276365	0.275632	0.273271	0.277127	0.276483	0.276725	0.277315	0.280679	0.276824	0.279128	0.281150	0.279124	0.278594	0.277895	0.279261	0.276721	0.275832	0.275996	0.276140	0.272993	0.273110	0.000000	0.270115	0.280470	0.275542	0.272327	0.275718	0.278082	
0.270114	0.269801	0.266464	0.266040	0.266856	0.274434	0.268908	0.267912	0.272113	0.270464	0.270772	0.269747	0.270998	0.268210	0.269963	0.269277	0.270606	0.271095	0.269897	0.268560	0.271720	0.271832	0.271534	0.272087	0.276153	0.271484	0.273854	0.276138	0.274054	0.273440	0.272986	0.274539	0.272309	0.270771	0.270242	0.271575	0.268025	0.267729	0.270115	0.000000	0.275985	0.270552	0.267032	0.270004	0.272131	
0.276868	0.275808	0.272584	0.273314	0.274197	0.276105	0.275376	0.272720	0.275592	0.273010	0.273226	0.272609	0.282006	0.280700	0.281024	0.280153	0.279176	0.283614	0.274895	0.273915	0.276713	0.282153	0.279540	0.280311	0.277435	0.274063	0.276633	0.278187	0.275359	0.278078	0.276113	0.277106	0.279716	0.277822	0.281659	0.282788	0.280019	0.279251	0.280470	0.275985	0.000000	0.273317	0.269399	0.273931	0.273886	
0.272558	0.273112	0.267910	0.269485	0.269445	0.272643	0.272857	0.268247	0.272706	0.267945	0.269305	0.268660	0.278124	0.275397	0.276552	0.274951	0.274309	0.278315	0.270162	0.268716	0.272269	0.277120	0.275684	0.275951	0.273607	0.270436	0.273492	0.274096	0.272275	0.274725	0.271412	0.273223	0.275360	0.273790	0.276959	0.277829	0.274709	0.274761	0.275542	0.270552	0.273317	0.000000	0.264666	0.268878	0.270128	
0.269138	0.269016	0.264161	0.265972	0.266084	0.268057	0.268244	0.264921	0.268696	0.264437	0.264675	0.264554	0.274406	0.272037	0.272646	0.271833	0.271505	0.276641	0.265950	0.264310	0.268790	0.274597	0.271985	0.272573	0.269591	0.265937	0.268563	0.270252	0.267848	0.269472	0.268066	0.270149	0.272257	0.270835	0.274208	0.274496	0.271162	0.271451	0.272327	0.267032	0.269399	0.264666	0.000000	0.263857	0.265526	
0.270259	0.270186	0.265264	0.266764	0.267444	0.273012	0.269956	0.266657	0.271226	0.267351	0.268118	0.268694	0.278003	0.275288	0.276239	0.275102	0.274050	0.279393	0.269847	0.269542	0.273153	0.278693	0.275264	0.275492	0.272999	0.269063	0.272837	0.273623	0.270872	0.273098	0.270295	0.272517	0.276006	0.271777	0.277061	0.277106	0.274482	0.275698	0.275718	0.270004	0.273931	0.268878	0.263857	0.000000	0.264937	
0.271958	0.270472	0.266541	0.268253	0.268984	0.273716	0.271824	0.268340	0.272213	0.268845	0.269841	0.269152	0.278941	0.277248	0.277950	0.276276	0.275864	0.280274	0.271199	0.271072	0.274380	0.279925	0.277615	0.278109	0.272840	0.269887	0.272899	0.274523	0.271930	0.273641	0.271695	0.273385	0.277051	0.272913	0.278012	0.278844	0.276838	0.276960	0.278082	0.272131	0.273886	0.270128	0.265526	0.264937	0.000000	
